plotID Observed Predicted1 Predicted2 Predicted3
1 0 0.0561546930553383 0.128717884309879 0.0116750343341364
2 0 0.0708941247909474 0.226909846062776 0.0231311108164403
3 1 0.523072181002733 0.289991797629146 0.5940114892016
4 0 0.0309757961705669 0.138175162128839 0.00139710438457201
5 0 0.0290266612878734 0.0211541252392773 0.171571569510789
6 0 0.0274042533533333 0.471275945979705 0.275147980692094
7 1 0.716511020527796 0.559650939268078 0.0140199041600915
8 0 0.0722628542422426 0.0264177409304506 0.0467630652635862
9 0 0.135912860704048 0.0129431541257398 0.223703895526480
10 0 0.0432721950053758 0.174774135434885 0.349381140241684
11 0 0.0178223997625034 0.102201077398473 0.240002283722375
12 0 0.131906517354329 0.0844076434829216 0.165623027845491
13 0 0.0356309083242965 0.0096506536818052 0.23411495705151
14 0 0.0713111567141792 0.241180866265731 0.489599501721474
15 0 0.102954642158049 0.0220158850631534 0.0756359443016477
16 1 0.626329840332915 0.834982622270937 0.0458854851238325
17 0 0.0505222193297411 0.28696754996753 0.371793249537833
18 1 0.955801005704638 0.828224952093197 0.238877492865468
19 0 0.139137743420062 0.0961378289684663 0.272259068197683
20 0 0.0266999082412012 0.169656374065272 0.0415219517691954
21 1 0.739914715359499 0.464067020136815 0.648635890668019
22 0 0.0235120692314983 0.0919988666057096 0.00917257924162491
23 0 0.0168631791768662 0.124396550808843 0.273824338319269
24 0 0.0904959297619559 0.161062899143951 0.209109890820924
25 1 0.743330117126643 0.668638349710725 0.555315055101813
26 0 0.0273563747319564 0.0775107219867151 0.000280476355456032
27 0 0.110919066254009 0.113571489196889 0.175965874070504
28 0 0.0736176485184902 0.144264398402864 0.0259522470225373
29 0 0.0667307921148698 0.179798113862672 0.0399858392474975
30 1 0.892411919409109 0.376823936658208 0.225584510011916
31 0 0.0235515888878956 0.111171028819680 0.096745257360934
32 0 0.125049705480515 0.219399357033308 0.116885196413319
33 1 0.615766347004216 0.291956459304466 0.725059254228352
34 0 0.154983065648056 0.296219040228107 0.0640351853055243
35 0 0.054569202808126 0.206921209850654 0.0952348634155585
36 0 0.0324416725517935 0.129435018894679 0.0408088870460772
37 0 0.0871672780698713 0.0248089968444002 0.269070734281409
38 1 0.858496005257483 0.230003010793156 0.157424367188267
39 0 0.053507367873947 0.112627404972641 0.126767605936511
40 0 0.029494871191572 0.137250282787570 0.296356681303571
41 0 0.143838665738948 0.413781564403619 0.0175376696754387
42 0 0.0356055338866693 0.0275261862181244 0.00257244292688487
43 0 0.0217630185555090 0.0155872848566341 0.107770116410861
44 1 0.877163436220871 0.70244760450891 0.228928961150092
45 1 0.819045737232897 0.435556391763072 0.154829124342292
46 0 0.0283682424864157 0.126265155403292 0.0527926860561587
47 0 0.0322734651930764 0.275810567932032 0.0477323426972784
48 0 0.0406900575066673 0.112983381138333 0.383079525904858
49 0 0.0203925495047113 0.0715694582558766 0.12345194924505
50 1 0.646975823082704 0.398908489256171 0.203302271522653
51 0 0.0692440644484525 0.0241831807718591 0.212168019753824
52 0 0.00921812515436222 0.0299748481917686 0.323564293524871
53 0 0.117913550102007 0.131692192159342 0.314038284816825
54 0 0.0109385578578135 0.142028266829952 0.0501634732886207
55 0 0.0140093545942105 0.108656906493604 0.272045625002997
56 0 0.0548659401836422 0.197223872455285 0.442875842325848
57 0 0.0604503942983708 0.0085887419381755 0.357316089194123
58 1 0.786229988724109 0.237313562731348 0.617780825063071
59 0 0.0893037773511201 0.106848504197377 0.0161585293477092
60 0 0.125912264037018 0.0755470471549144 0.0190721419286226
61 0 0.078708412392466 0.0560795422199794 0.0675385080028083
62 1 0.756038298022345 0.337130570690550 0.203439811396384
63 0 0.0629109115144958 0.134797711935242 0.0199687420124284
64 0 0.0291468436380408 0.161328536285807 0.0738523069605806
65 1 0.86813922830569 0.555920734552214 0.533507383890618
66 0 0.0234613647353233 0.0295872600407161 0.481623138876449
67 0 0.0640243411856427 0.218113694436718 0.319072825414802
68 1 0.775409500318831 0.159381686818350 0.418410226533308
69 0 0.0227121038328349 0.237949161834622 0.0565001756262947
70 1 0.717900821547502 0.631514755585506 0.290987471802536
71 0 0.133683700404800 0.210592674901003 0.197032326481554
72 0 0.00137236009751864 0.343438808987552 0.266205183221834
73 0 0.0526846114661 0.0719583107617626 0.00431818228861348
74 1 0.8846809152974 0.590683357445005 0.190868628426474
75 0 0.130366787168271 0.0145729583686267 0.250500024657185
76 0 0.0284004748081014 0.0928759848966021 0.142278579693032
77 0 0.0241118591001050 0.162662720925949 0.302911997981754
78 0 0.103020042210276 0.198790886751292 0.0664473267423674
79 1 0.936232043517831 0.857363568902496 0.221543964765115
80 1 0.860653787981703 0.357279281106249 0.302971146926772
81 0 0.0165524010726042 0.420300392290068 0.281816978037881
82 0 0.030374981865304 0.0175345774022602 0.0785353418426963
83 0 0.0121546288832191 0.131188154966534 0.0677122161501526
84 1 0.214087712820544 0.857440230591962 0.459814771618653
85 0 0.0572108292767585 0.350219535288245 0.0222723355040798
86 0 0.00119644311212613 0.03582074343865 0.027432451233381
87 1 0.756488015174294 0.279532196289307 0.360091577021696
88 0 0.00924185753655814 0.0514651465591408 0.0226590052302288
89 0 0.0147279941302433 0.319594288323331 0.188834122556448
90 1 0.732350347798058 0.526878291972257 0.254151718301723
91 0 0.168404501990427 0.0237396497840818 0.0161980038529305
92 0 0.08394657496248 0.39153310381759 0.0156646709806065
93 0 0.0476998905262119 0.0189111528653294 0.101885365802188
94 0 0.143283765421820 0.416381009140493 0.0060328547531105
95 0 0.0353431604440838 0.266716845078252 0.0327370181866472
96 0 0.141191569377671 0.0857569449009395 0.0302681868072401
97 0 0.051940076054039 0.0867099911017428 0.231173149795793
98 0 0.0773485662088773 0.0840598053619593 0.373876748062156
99 0 0.0656958595170807 0.0876803781570447 0.310814192210704
100 0 0.0617626679181895 0.0406465430450293 0.163194552136667
101 0 0.260397067151419 0.300908640711888 0.273500698710526
102 0 0.114395469250492 0.0850788590055883 0.290287968443183
103 1 0.669378065574393 0.424750294310095 0.38263728601806
104 0 0.0494680945903391 0.327362059194099 0.115147428144397
105 0 0.0266853029136163 0.194599266903189 0.0241340098769672
106 1 0.588133329178296 0.272584820666229 0.663028161212539
107 0 0.0286313365573188 0.012971853881417 0.397674521769886
108 0 0.189663422886658 0.134335237328192 0.537282242525849
109 0 0.0489644533288692 0.0850792319154907 0.0686714426768827
110 0 0.0346125717719345 0.123683976937728 0.273637032645584
111 0 0.065923892397326 0.269913619083225 0.008351418086345
112 0 0.0398193599730869 0.0591712020596837 0.139719231936606
113 0 0.123064304186177 0.105894241332991 0.192305032997648
114 0 0.0342081087684366 0.220858466292873 0.0772189733115992
115 0 0.0999080489456376 0.0603270900988258 0.275257743772818
116 1 0.844884855212802 0.147262371484579 0.649484100688048
117 0 0.0188777247361997 0.0749751626677065 0.114877258050259
118 0 0.00181968430746238 0.115006077516902 0.081789666122508
119 1 0.91838654609884 0.663053625524798 0.255428730482852
120 1 0.606146415909301 0.173791746961822 0.395972225305401
121 0 0.0905250372956652 0.121410281696624 0.247857616608314
122 0 0.169458757383445 0.0378256854867403 0.162817448396909
123 0 0.00317650128424959 0.000959038638617105 0.164054711506499
124 1 0.695538092902114 0.899396841059157 0.30193308246168
125 0 0.0788159049306673 0.102535628289956 0.067799654969336
126 0 0.0132845261312905 0.0407345365930051 0.122985005097872
127 1 0.659963326168249 0.589857318278049 0.0169587082024348
128 0 0.00766945240647784 0.0298890437404725 0.235126635224136
129 0 0.203091496465847 0.00973780693194692 0.394461918920938
130 0 0.0277196134980048 0.239349037982313 0.0268569548052218
131 0 0.104661030944479 0.0559102466583549 0.233975604249705
132 0 0.0482639416245324 0.0616670341396143 0.0403657928509997
133 0 0.13441275722438 0.0827553425512069 0.0871733525696591
134 1 0.888233902397414 0.329820108194032 0.79263498813232
135 0 0.0089058134935095 0.0103469272962185 0.146740241981007
136 0 0.00953762423773522 0.158258126371641 0.182815699438321
137 1 0.511044753126325 0.72241306360357 0.318591722976657
138 0 0.0308664952885350 0.0721894438758308 0.0552791285330371
139 0 0.0337875629720750 0.0761551523901711 0.0564022277812438
140 0 0.0100491534254998 0.0284167499786847 0.0323190966593465
141 0 0.0762056217015705 0.0480643913990299 0.0129523746612773
142 0 0.0186384048489054 0.186976746826716 0.325382750145551
143 0 0.059376928670029 0.126061657654581 0.00163604637698143
144 0 0.244991698119374 0.16014000334515 0.0441173157790559
145 0 0.128457663307815 0.0298151598442202 0.0732353968932524
146 0 0.0496046394207528 0.0636668642434244 0.440298179742171
147 0 0.0967727265072484 0.157107140023289 0.000401593437196193
148 0 0.0272739067635229 0.0796165656175213 0.0145358996072523
149 0 0.218100197588926 0.0772816077928163 0.302453586468773
150 0 0.00673039287469218 0.0608704239521578 0.113196702357114
151 0 0.0148009815122453 0.256310599259625 0.148979776756525
152 0 0.0233496734068911 0.0395625014017397 0.0264410356305443
153 0 0.0218498557558168 0.00582123742572305 0.0519297132194493
154 0 0.00606275872471444 0.242698528861146 0.042354452168358
155 0 0.122905646769798 0.163869621113706 0.158910271398372
156 0 0.229023355209807 0.285815920770332 0.0362616969102257
157 0 0.00154839784608622 0.00854823068894665 0.132082983995389
158 0 0.0809626975175276 0.18435740920781 0.0120315985263074
159 0 0.00607641102687812 0.0390785203706342 0.177338200045147
160 0 0.15468429903587 0.00228536636002581 0.156742009174699
161 1 0.698130387200917 0.494695239771925 0.73129655952312
162 0 0.071247263425502 0.283139756614078 0.0838829592952096
163 1 0.740419995861653 0.817241418826368 0.666334690501498
164 0 0.0252110466862784 0.00858116185346369 0.38888025812357
165 0 0.0850088510844243 0.25347720362425 0.0780499567369036
166 1 0.786400231716362 0.571100673097567 0.125461671905674
167 0 0.0610535128072515 0.0109962384268561 0.328960922985275
168 0 0.0138780955556501 0.252745640934914 0.0360079997817267
169 0 0.0413610286977949 0.0162300045478629 0.0227794969856701
170 0 0.0180663566443324 0.199511060463625 0.0373602396487430
171 1 0.764611024824084 0.732299668955418 0.505211058108443
172 0 0.178104418082924 0.238690276548519 0.17079030497925
173 0 0.0243661432420911 0.0768772800969135 0.189369622739605
174 0 0.0243395507952025 0.0264163838376745 0.230442740684621
175 1 0.83968605464669 0.574738915368872 0.603715188547201
176 0 0.0615514332232692 0.253070657069562 0.648702845447971
177 0 0.060675131117512 0.0266443578204913 0.141918699120966
178 1 0.938470442125907 0.56716078346292 0.114884895689139
179 0 0.0215108070494889 0.0244598278665349 0.129198541957999
180 0 0.0220131816795666 0.152290237979836 0.0302144187841336
181 0 0.131988086815111 0.426902534531580 0.180357838175844
182 0 0.00383887218760542 0.19635966896253 0.0299676829973197
183 0 0.0202820976479206 0.104314551664596 0.0658382776907022
184 0 0.179301149640572 0.211530215275095 0.0533805732925538
185 0 0.0189140521155593 0.020171720413922 0.386495235043789
186 0 0.0739988973955979 0.140766104182343 0.251400583994605
187 0 0.00948596770070918 0.0252077536395513 0.205496452689382
188 0 0.0320527121386320 0.0318385037813309 0.152651177991831
189 0 0.00775863605952715 0.0129564023437977 0.157211790707224
190 0 0.079566813877319 0.0615633140198426 0.000167689278919324
191 0 0.0805782733069503 0.240615104918171 0.0520617448265956
192 0 0.00362479036917398 0.0134329402572627 0.377083825200509
193 0 0.0111927924819201 0.0125323872659403 0.232493947383576
194 0 0.064829967577405 0.043682412565714 0.156489155906558
195 0 0.038939629270056 0.218971456525397 0.0806414088288032
196 0 0.161947212150614 0.0897426712145739 0.447412371632110
197 0 0.0473105200240906 0.104379527113339 0.323832267801578
198 0 0.0928093931655627 0.0267253797029487 0.0225815300501586
199 0 0.0602696604875915 0.175239260174744 0.150692028760318
200 0 0.132340396758265 0.218721398990137 0.164792099855720
201 0 0.115543506558258 0.0641506737724262 0.0295416232218057
202 0 0.0658990848929714 0.0604431830076874 0.0579454274250779
203 0 0.0392719710899538 0.0101083201338253 0.558380124129008
204 0 0.0102585149615279 0.15983982810096 0.0143378067299586
205 1 0.838334625845574 0.388863379768239 0.0148518755534553
206 0 0.0157581535409837 0.101118188545071 0.415252412517103
207 0 0.0590460849010736 0.0149280142006649 0.193189685324387
208 0 0.0222714619114841 0.341653722752828 0.0859883142778148
209 0 0.00555793280215079 0.138970389637448 0.175907313329406
210 0 0.0601726590632142 0.208193201094473 0.0790597664800121
211 0 0.0208291717382949 0.00671989469715615 0.338168636764189
212 0 0.0116659029377286 0.0377638163795824 0.0316819778110997
213 0 0.210721421988141 0.133399508723865 0.308043648756063
214 1 0.857316230782016 0.627006847776705 0.0249280792736299
215 0 0.0819350247130134 0.246706813910394 0.466637778908537
216 0 0.0625059087839045 0.0594649622419887 0.0233450882590429
217 0 0.0184903513554576 0.206770281843482 0.0409469326466408
218 0 0.0808502120114267 0.227040479104827 0.118321649295669
219 0 0.207920128717376 0.0335015537629645 0.0821234720675632
220 0 0.152127984264894 0.226208390221663 0.105662315390336
221 0 0.0140284224695622 0.085075015760633 0.078530749786837
222 0 0.148218799180898 0.172381258590111 0.272109767431934
223 0 0.026984940009831 0.0566355228554353 0.0365867435050718
224 0 0.00271018131796169 0.0200807311730542 0.000256286856933486
225 1 0.936446246567765 0.368369365895284 0.344753337399961
226 0 0.0714569191655378 0.00491646875118959 0.0295117583968769
227 0 0.00140435809725310 0.0975694742838077 0.151783863620267
228 0 0.0569280191068628 0.169141087215434 0.137504357162845
229 0 0.0351654977013684 0.191819481960712 0.210933168635985
230 0 0.0204194262098206 0.0190316951964103 0.0429335999425458
231 1 0.739776709731773 0.132554268526268 0.0786244685720082
232 0 0.0326959716586974 0.00610540194748393 0.000943205738881158
233 0 0.0736666480580586 0.0431640439920392 0.0891657678278426
234 1 0.607329401127266 0.684890600750077 0.852487219022945
235 0 0.140401491975584 0.39259654254276 0.140154077354293
236 0 0.104563394539820 0.0786893607436076 0.096734417531482
237 0 0.0557519173535248 0.00352882683282744 0.201812345698229
238 0 0.246363571514851 0.067907440359118 0.288893905710797
239 0 0.0703087018025455 0.132971493240957 0.0511028577998503
240 0 0.0367819715938491 0.0708077696115716 0.311615510319852
241 0 0.0208192649104001 0.0861517096563484 0.0901855413335893
242 0 0.352896546831201 0.0282552331596348 0.100853620369669
243 1 0.633521900416505 0.730088362908252 0.367190780012048
244 0 0.04699959608898 0.180112446287569 0.0689713075252241
245 0 0.0531796549052365 0.195383822586411 0.264210418647518
246 0 0.00759013481246133 0.0478927979393142 0.116723123438621
247 1 0.907482421581691 0.597147296823848 0.383001096190794
248 0 0.213418336317971 0.145434183678273 0.0163437414074808
249 0 0.0954300626861461 0.108851940806861 0.390385529645803
250 0 0.123211777207135 0.126782221176326 0.143880799437020
251 1 0.461878248196562 0.654844053339298 0.556832539539216
252 1 0.961780060187433 0.249948794804622 0.622302319315976
253 0 0.0199953384615408 0.0221528807445700 0.0801868875962635
254 1 0.904137295991924 0.891836522059708 0.329407394506389
255 0 0.0436077622146352 0.35951381686793 0.125707637803922
256 0 0.076170173144551 0.374263415269369 0.329129794419371
257 0 0.0521655586013531 0.219084219561755 0.138677895766561
258 1 0.648992436394921 0.251441436718657 0.0111514587131747
259 0 0.0581012810858089 0.110745660980186 0.159030560630424
260 0 0.0335896005795647 0.0593384961870469 0.0111853671130254
261 0 0.0633430729754047 0.107262066804685 0.0611865323613772
262 0 0.0149119243482565 0.00266078266519320 0.00441287280111157
263 0 0.109307891623240 0.0569632789639528 0.220883234495683
264 0 0.084509893539475 0.323077169167039 0.173798842716680
265 0 0.195898758337721 0.0072395566972616 0.443310717983436
266 0 0.180200945217670 0.141605698081259 0.0885378987518874
267 0 0.094327900409983 0.403209134629393 0.0153341592897337
268 0 0.104580404780706 0.108564756651982 0.0178895732375365
269 0 0.0545099332984119 0.0977260815542625 0.068666103694599
270 1 0.760185264056798 0.652934999384064 0.0269892323011541
271 0 0.0295068651641309 0.210193425845772 0.171750191060596
272 0 0.0226996060985066 0.148067724635101 0.310072202048411
273 0 0.0234718193764533 0.0381802402964441 0.301399371437788
274 1 0.69190770799368 0.313715014143806 0.119078481905692
275 0 0.0240019567404422 0.0751926500147551 0.0197982546847441
276 1 0.861398029802475 0.723964949686936 0.118369090252747
277 0 0.0534288716421629 0.029899947577107 0.474544213703838
278 0 0.151886015110390 0.160247122199803 0.0916399772291853
279 1 0.812226701527555 0.413454885304678 0.0685923142369788
280 1 0.714337802692525 0.474525224892064 0.475925665921309
281 1 0.969485225935616 0.562297190865554 0.118781769421864
282 0 0.087419057406673 0.163043101851172 0.282178602999859
283 0 0.0949391139950245 0.00652556271590293 0.0647330409675115
284 1 0.59299723192101 0.832605047556476 0.503073755691582
285 0 0.0805867872630665 0.0639472224306973 0.153637051654503
286 0 0.0110065343485495 0.261212175402025 0.216617910005997
287 1 0.68129890489841 0.38956019051827 0.454842606955576
288 0 0.057239367138925 0.104688447985838 0.204023265596616
289 0 0.00388674887435487 0.0328804956281904 0.0275787087467659
290 0 0.0244151065479313 0.0591652349883968 0.264371307177033
291 0 0.0184329046422884 0.000897511863302945 0.212655491794622
292 0 0.126649163744641 0.10951195175365 0.188630149469623
293 0 0.0328026368266329 0.0543840467219491 0.335907897664771
294 0 0.0456457124263673 0.00695140773046348 0.0755935830449145
295 1 0.598354246108308 0.159097360943022 0.162812807108443
296 1 0.89534438531658 0.497673724460701 0.367069991755649
297 0 0.0128009964516759 0.132788138765181 0.178102513281278
298 1 0.896487076817062 0.729931569950032 0.640570523855459
299 0 0.0707004960158029 0.272960145360508 0.234526098391923
300 0 0.0089886239566629 0.141996665568684 0.0570815262312795
301 0 0.044148117997853 0.0247831194116598 0.0140756454189692
302 0 0.0848788594002204 0.0144140103940996 0.0725897323345388
303 0 0.023515180976868 0.00445869239109652 0.332206192972593
304 0 0.145305219748944 0.0855473244532216 0.0611041872967955
305 0 0.0562702902631932 0.0139497426891669 0.0541867462176052
306 1 0.510795820739009 0.600692492400503 0.374543863446666
307 0 0.0587658799752186 0.0155657329979716 0.364898028653074
308 1 0.443302671155826 0.532172886813703 0.161181439552765
309 0 0.0474138933060302 0.0897918854709174 0.413805955166246
310 0 0.157510147606033 0.183911052412983 0.0105984821715886
311 0 0.0318506926042977 0.0964641757868737 0.326652892015258
312 0 0.182561429834171 0.133231094580127 0.620224624429215
313 1 0.54626970362029 0.16657793151647 0.214840776050406
314 1 0.949030151628612 0.691504755263139 0.039162390778465
315 1 0.726024819564575 0.707079092124408 0.215793785401090
316 0 0.0237671714764325 0.456352528281094 0.0916046884687712
317 0 0.0433019835944099 0.0137920861882781 0.158561085068505
318 0 0.00626106346188038 0.0872016447177249 0.137572946826551
319 0 0.0458541196354072 0.128811161242979 0.352867432745255
320 1 0.681508210402081 0.532140300129039 0.367170275423327
321 0 0.0199678544866579 0.100568279296611 0.446557908664969
322 0 0.0582755647001619 0.114627019814017 0.43872345927255
323 1 0.976009021941502 0.601138190781804 0.260982823559028
324 1 0.448911378936893 0.865975546202287 0.0621836932527709
325 0 0.03702072852019 0.189372969159115 0.418080627684351
326 0 0.174566091119797 0.231455494287523 0.220378826073727
327 1 0.915554257646678 0.734156068469779 0.224643711531682
328 0 0.143343161277148 0.0371422220368495 0.0450344957799922
329 0 0.0989921038777353 0.225298886921358 0.0206533714422716
330 1 0.408970890452477 0.767697007006602 0.474247298804879
331 0 0.0121963944108806 0.254073932967003 0.0811419655567298
332 0 0.323211565790711 0.0622712815154088 0.194007099568090
333 0 0.205628303400175 0.0393276951220682 0.0432465873017313
334 0 0.00460912800022296 0.0619570986451009 0.074349298468742
335 1 0.63507926178598 0.578505770493879 0.519205041919207
336 1 0.721520326819422 0.365090386401752 0.216906051268467
337 0 0.0417502536226773 0.0563347177981227 0.273240777119862
338 0 0.0405809005977468 0.0753094892039968 0.136943289428660
339 0 0.05306162782746 0.0460777274823368 0.205846012873794
340 0 0.00797342605117378 0.357482536057817 0.198248220525718
341 0 0.0390538078970306 0.0096821155999464 0.0315912110809571
342 0 0.0378416916942867 0.118053233123784 0.333791557693135
343 0 0.122217753765875 0.161123295907815 0.115921411685038
344 0 0.0456370410901798 0.048538690897402 0.234599053568021
345 1 0.545257172883538 0.750880809235869 0.211270503350792
346 0 0.0109896815146317 0.132550252669769 0.0485437575509972
347 0 0.0412760135267371 0.0239305149649642 0.0968069567256876
348 0 0.0402767767273601 0.0415410732953564 0.382651735455565
349 0 0.0288726914559367 0.0118487812326664 0.0345524961200959
350 0 0.032233847201907 0.125278630090652 0.0940604525401763
351 0 0.176453805844186 0.0348636776954917 0.386030895012417
352 0 0.00249464859108048 0.0247286179801679 0.16045952878383
353 0 0.0740274573050421 0.0210095375006076 0.0132737303046648
354 0 0.00781488669546783 0.0711684608514151 0.119086821757527
355 0 0.00669704270823406 0.0978733875937028 0.206767304422414
356 1 0.728694716733789 0.431320824768085 0.0614181476634201
357 1 0.616353507405663 0.113362770540692 0.619693707297485
358 0 0.154944536977529 0.251418479586066 0.207009786621992
359 0 0.000178467691335361 0.453822588921692 0.64591861385072
360 0 0.098376781761611 0.0404578637154968 0.549870846144945
361 0 0.00694437506901352 0.453272151492540 0.0775193300992166
362 1 0.738219244438178 0.415965604294059 0.523340140081517
363 0 0.00726323095224524 0.264085640162631 0.0117837596240296
364 0 0.126741177915488 0.114431483595596 0.373960260732926
365 0 0.0183687482900046 0.0925888349252698 0.0087831642936477
366 0 0.185678127096944 0.106436095663578 0.342383371995528
367 1 0.875860074517348 0.629080372744515 0.591359496982157
368 0 0.245668050305655 0.158913124959648 0.0518874761529683
369 0 0.0417827941924056 0.00763517331564923 0.0662849536420304
370 0 0.00375932250916205 0.0489039225535686 0.257217778640372
371 1 0.723182526403017 0.498183362736818 0.328880416589652
372 0 0.00226975484221898 0.289670328213518 0.131787083706943
373 0 0.00712374584898923 0.322054131747344 0.281778137863327
374 0 0.057397933735617 0.0484855357621309 0.369371344554684
375 0 0.0241769044980367 0.16758350569458 0.0730232823243789
376 0 0.0999752090559633 0.0636786037577125 0.009254958194242
377 0 0.0943545807124128 0.175418028141634 0.195663375179843
378 0 0.0131707357388253 0.211087541015752 0.0471467759664777
379 0 0.0716942818393637 0.0696647651016762 0.0550533947549839
380 0 0.0467028103540136 0.0914189194795608 0.370621864784915
381 1 0.861412120095586 0.424969830945084 0.0643750315514015
382 1 0.79275104733527 0.681466571403677 0.603838399662907
383 0 0.0145423472926091 0.141251503263446 0.00826081862881573
384 0 0.0199715027338450 0.0513623716604159 0.331986878167828
385 0 0.0424529149369179 0.0596919558055916 0.072158525425984
386 0 0.0782435944410993 0.039344059045764 0.183998077246032
387 0 0.116724088936553 0.0615091729615923 0.0620335121593131
388 0 0.0425638309547604 0.133608451636419 0.0530712418722349
389 1 0.845752423570016 0.545726310622972 0.0575599444890364
390 0 0.0333530238860891 0.0922482519237662 0.132683449462058
391 0 0.0916921098891082 0.271019133236354 0.0420265420119516
392 1 0.686618449259427 0.36536403116463 0.45187084034115
393 0 0.00302741771609037 0.0623339261440231 0.140188189263137
394 1 0.749150923848982 0.294856741546174 0.080356583619451
395 0 0.151113518330631 0.00275008684138438 0.0849599662607797
396 0 0.00358891083168054 0.430775243934975 0.0186361095513060
397 0 0.0165201436926722 0.0602315455828424 0.0719960429917298
398 0 0.0162023498257128 0.362375783623477 0.0375170569912563
399 0 0.106978554695496 0.109778497307000 0.121739020381282
400 0 0.13881344858249 0.0433027515391782 0.0742729170284619
401 1 0.878924998024548 0.221964116685984 0.688628096638924
402 1 0.859989126900597 0.813561927825213 0.580912637068698
403 1 0.823317263070559 0.316166593691263 0.917166380409525
404 0 0.0644731178421201 0.0570729684569112 0.0328815262182636
405 0 0.0677375299331564 0.0639267373607807 0.125575551818355
406 0 0.102101571737977 0.0840140033306654 0.540529401122171
407 1 0.708961317922083 0.844200361306703 0.660235681642776
408 1 0.52191613422601 0.379621598996889 0.825551036926006
409 0 0.00897545440716128 0.0175666529734768 0.0562280381132821
410 0 0.107644435893914 0.0546298811940773 0.247333900563945
411 0 0.014747136340751 0.0444011717760351 0.00695356498745228
412 0 0.0359073030606656 0.157520569482541 0.126355153784322
413 1 0.863742590687999 0.741321032407729 0.926495569511106
414 1 0.709107195098177 0.453193916637876 0.352758039974733
415 1 0.73004996173336 0.6879876941624 0.212385029043918
416 1 0.73164545202584 0.519240606620276 0.689990680492153
417 1 0.614467330440298 0.39189573559829 0.830046722392372
418 0 0.112362749305104 0.0633061852418271 0.207164612228858
419 0 0.120263347181132 0.365254498787404 0.0892407093283489
420 0 0.0442766064619522 0.0853632737530685 0.185459200850045
421 0 0.0132744815761834 0.04888426458156 0.287645376616352
422 0 0.0404961993634657 0.0904632727805622 0.202069028172413
423 0 0.0440593710659281 0.0231994975929421 0.14166112720295
424 0 0.00930702136510968 0.0452047708196079 0.200261263757215
425 0 0.138849116852893 0.0146754222488737 0.100351005090845
426 0 0.0480981792155712 0.0869062899310929 0.110962232056883
427 0 0.0193010272284956 0.110337543303990 0.272010240939301
428 0 0.0754023927676577 0.213335647350556 0.109312037502305
429 0 0.182430317419974 0.116638749778648 0.0181318270583792
430 0 0.0140344266987589 0.185323012259577 0.0302169317036654
431 0 0.151436155868288 0.104344931349471 0.0727882105506825
432 0 0.07838263485456 0.0933673485255372 0.0719839187238685
433 0 0.129496447694682 0.108761508083095 0.194357732486451
434 1 0.89794524524935 0.446361221165893 0.249506057075971
435 0 0.0369118814897256 0.048318456433737 0.257259743573486
436 0 0.0334285041747674 0.119289597149884 0.0411978329585172
437 0 0.0325509862759946 0.0978325611353962 0.44689233918824
438 0 0.118467490983843 0.056260466488578 0.300569681389363
439 0 0.120574716898472 0.0495840718162754 0.269208227534662
440 0 0.100028647808342 0.101887404285800 0.275642791319689
441 0 0.046682776115229 0.0655573044447538 0.162013302536638
442 0 0.0929083356432384 0.0864314389991845 0.296911203919155
443 0 0.00214714572752669 0.279831729722897 0.0388949177489429
444 0 0.0798359218638764 0.0129368635077685 0.133101104803139
445 1 0.706470063844835 0.945986289011455 0.534741711503439
446 1 0.739461503194524 0.114053471995357 0.699070407390422
447 0 0.0617816617976675 0.329577912377428 0.193952118577092
448 0 0.0737113562332843 0.0446431273251019 0.0923223462734751
449 1 0.604347396079756 0.232782542370601 0.575083806639322
450 1 0.77947280043952 0.442348441446377 0.452745715306514
451 0 0.0450254222825397 0.304139956958353 0.245203714768133
452 0 0.0359271053795442 0.165241389343967 0.242319719416528
453 1 0.849071287194042 0.454184562641169 0.323644967348777
454 0 0.0247368144254960 0.0462085824622918 0.0684613307538361
455 0 0.0881940098386024 0.100102655796180 0.0702456990644404
456 0 0.169560083879315 0.151685151845142 0.0204941710686497
457 0 0.00940342019673276 0.0212123750872889 0.238877385882547
458 0 0.00642443865662926 0.107389048875992 0.202662054402037
459 0 0.0185158184552111 0.245883798799259 0.500751800571941
460 1 0.830238408320773 0.221392508599406 0.614309355504066
461 0 0.112705945113267 0.162701220422636 0.0505686763356396
462 0 0.00252391369188204 0.15164112981364 0.208821188510167
463 0 0.0563718950870032 0.0434716599465719 0.182204860389898
464 0 0.0287539349249242 0.123689559675473 0.267885170592243
465 0 0.0780585763408943 0.291718617635867 0.272275299314466
466 0 0.0114842943157438 0.079572855304751 0.0296176686690026
467 1 0.883451348886813 0.456826976561194 0.424390560858142
468 0 0.106802263973407 0.0124584656506473 0.111610390632705
469 0 0.0489297962268973 0.266644184890138 0.194920357949227
470 0 0.251917111747532 0.0936590890729497 0.253271455951554
471 0 0.066132839775095 0.0831802892191753 0.007633862854841
472 0 0.00887962631650280 0.0264980347660414 0.166159687611546
473 0 0.0246317721978959 0.0375327047442837 0.373990822636540
474 1 0.837148714773165 0.471868095955637 0.446547422078889
475 0 0.0846154230896726 0.0923941323205293 0.0808381925323174
476 0 0.0337812749955934 0.194815323080812 0.549057848769216
477 0 0.0323775532588365 0.0245005795466805 0.340884829990032
478 0 0.0768658384627043 0.210623252716074 0.183443555936209
479 0 0.166655941617446 0.178029744577007 0.165095750175915
480 0 0.04256600007291 0.0981556017534845 0.0215933737323073
481 0 0.0598737685889086 0.0781275996515478 0.29093116708849
482 0 0.0482744813109952 0.101195293805117 0.295547306842532
483 0 0.00264717249742026 0.220113196578935 0.156138166049404
484 0 0.0135374776286498 0.170807535914600 0.394785446268764
485 0 0.292015780801255 0.0147026640308764 0.0940573772734802
486 0 0.0979874179885131 0.0704009017929537 0.145223086953029
487 0 0.0263166123361121 0.106624113249295 0.173902562094885
488 0 0.08395203693719 0.271270422424362 0.124929536873626
489 0 0.00342586189979584 0.198956867028297 0.138913112869912
490 0 0.0103323467562848 0.145696378687288 0.180629146039353
491 0 0.0560067916137771 0.0369940463759486 0.146897136836070
492 1 0.628313539206016 0.0771369462662333 0.185858519808325
493 0 0.00795316498357058 0.154505760180587 0.0589082768409255
494 0 0.00649906207447114 0.301450741225877 0.0191823228124998
495 0 0.0613714808714387 0.0231939137434752 0.113085991779497
496 0 0.00681835239189577 0.249337253552776 0.178364683739139
497 0 0.0759088801207198 0.119533911720006 0.654054524568537
498 0 0.124138647981498 0.108536488916032 0.0231542944442859
499 1 0.883132245628591 0.692616019629163 0.080612991396674
500 0 0.0132368677422071 0.256300147918259 0.109096409805423
501 0 0.0377065229920707 0.0540411683737994 0.0734013061313171
502 0 0.111226969121116 0.254358443140327 0.379670743432301
503 0 0.0675190743766973 0.0811080707488909 0.153537848484049
504 0 0.233817848313643 0.161765274781020 0.145170561255701
505 0 0.0712303555542408 0.166719139474939 0.157690396744699
506 0 0.0103027979465896 0.088519235239184 0.0366813828593849
507 0 0.0173458627949325 0.0287656391068008 0.394370903643413
508 0 0.0173458303751128 0.0127613630966399 0.291110481017923
509 1 0.8595954335274 0.104643258144170 0.607847880282614
510 0 0.0370315124577225 0.162534636657938 0.281195220888914
511 0 0.118142990051033 0.187282846408710 0.233788702201393
512 0 0.095728807695284 0.015089876167233 0.137273149019439
513 1 0.48117349496925 0.382402275101554 0.478451701335398
514 0 0.0308371685513977 0.167459381500912 0.151209697187547
515 0 0.0424931162804814 0.134559919485747 0.0409593771838825
516 0 0.0911271447278864 0.313421822548015 0.0659262709924321
517 0 0.0107290680916493 0.0658995141765874 0.126434375167954
518 0 0.0166178960972228 0.0155714615758392 0.457220039389419
519 0 0.0963591251664195 0.179991995157583 0.172069933298847
520 1 0.814072969183044 0.527242826209626 0.386696166332284
521 0 0.000580936655675948 0.203561349483026 0.0430597383255258
522 0 0.352111511224134 0.259828177002109 0.191277662977924
523 1 0.513441315479066 0.98370038937021 0.116657544105212
524 0 0.196670848815872 0.112482174154187 0.461399478960336
525 0 0.0582609208406277 0.161107522842579 0.0876264697825245
526 0 0.00409520346770056 0.00212781075138652 0.128983157895939
527 0 0.159998621147141 0.0496418810532965 0.290170721161941
528 0 0.0556661361168055 0.0450365933898641 0.0142721180210128
529 0 0.0210936324362490 0.0570548590793934 0.129552158149106
530 0 0.030298557211763 0.162036574474068 0.478639369553391
531 0 0.0616369234779728 0.0660707923516376 0.0846758282770701
532 0 0.0894889006651258 0.00472441443850898 0.149849035873997
533 0 0.0308878135181862 0.0203785915297179 0.140270270790834
534 0 0.0741484205655142 0.0211714486827582 0.00226339641172941
535 1 0.772519645755993 0.736345603416313 0.258684799586958
536 0 0.144057262153449 0.0257596740852376 0.150515958870748
537 0 0.0180615109995711 0.119587642232288 0.0900277804409769
538 1 0.743561265981249 0.372097159202978 0.123817888908477
539 0 0.193118675156546 0.461426409060521 0.604143133210111
540 0 0.0195249041734842 0.0489017474807794 0.116188818355963
541 0 0.0363460048136783 0.0935867250832722 0.0170247870143350
542 0 0.113131245517635 0.0246117112567821 0.0574180286470601
543 0 0.0264963407287482 0.0467746237247590 0.212161740022279
544 0 0.0044973731772945 0.0254838574371528 0.335831082751863
545 0 0.090808303077684 0.118348183036326 0.169153749749134
546 0 0.000165434849520448 0.142756668613162 0.0147521261450804
547 0 0.161474583169780 0.0913350256484601 0.241964104260375
548 0 0.0164600355542718 0.117104527208626 0.183089988817567
549 0 0.0637804961594903 0.381276849154224 0.110095946272720
550 0 0.00829044365063877 0.00666061686943468 0.0202580139951432
551 0 0.0707681485685062 0.201062309327833 0.362325710776286
552 0 0.0927023540965045 0.388052570320184 0.0386465453546021
553 0 0.0339244887614988 0.0264051267296706 0.262884719489019
554 0 0.0222753093472805 0.062699070854506 0.194483975405863
555 0 0.0303087919761920 0.0625282290425854 0.00270713480999074
556 0 0.0579228507463299 0.098418701262139 0.0722151979891184
557 1 0.90992279116754 0.795071948262006 0.0427752957408977
558 1 0.902012748745972 0.677998468659823 0.254656705981947
559 0 0.0213536972490853 0.221382861419029 0.0562828215655685
560 0 0.120813172832319 0.0190408724398498 0.0213587153026447
561 1 0.605089366637143 0.212207289407268 0.153450906902881
562 0 0.0859033075469133 0.247528253971479 0.0759221968770052
563 0 0.046120565987375 0.317666336120705 0.0225825090103524
564 0 0.00621397147372658 0.098528830722579 0.125546287166998
565 0 0.0224320531394157 0.0588954438329018 0.445387105898268
566 0 0.0250400306620788 0.205470484437563 0.186971215792936
567 0 0.0794878969344063 0.123905198870429 0.209542935816781
568 1 0.527823337495123 0.549511861960497 0.447163879785469
569 0 0.0077439111996757 0.263162835140629 0.148108426060724
570 0 0.0870314395944171 0.130308277608959 0.271733566169553
571 0 0.252562990163801 0.308961537749662 0.0426469259182076
572 1 0.822174792647733 0.665432045905845 0.725955441344595
573 0 0.0364670812453059 0.144274907681371 0.121341110567565
574 1 0.800047197270335 0.499976315282117 0.753492822217015
575 0 0.237630296416590 0.176853941295979 0.238543926194412
576 1 0.328251444721253 0.166835252457109 0.479270488818006
577 1 0.925308240926204 0.83521933105853 0.0182522505915708
578 0 0.0632431856271517 0.0812624088206055 0.23410867021406
579 0 0.115525754558058 0.04992261180003 0.238384636036784
580 0 0.0306883724163151 0.307917250000251 0.163088294019851
581 0 0.026742842829802 0.00175704342579771 0.0377529105784686
582 1 0.708176497230046 0.523994121544443 0.638724421101205
583 0 0.124225957514919 0.131295269119108 0.0181464347942913
584 0 0.0515220882159813 0.0277585475215527 0.0497051454797444
585 0 0.0660679203050078 0.0876389742992426 0.119637932048811
586 0 0.0855428060718658 0.294812111952365 0.203716250260769
587 0 0.00595181715611105 0.08575533528418 0.117477501163698
588 0 0.0429426522891236 0.123983720595589 0.318638569635056
589 0 0.0521214791927025 0.391790278773363 0.271465489208742
590 0 0.0741746404074116 0.147614921026998 0.123128732353206
591 0 0.0289899761100518 0.238939205889530 0.202187016549545
592 1 0.880410021958558 0.803904213171194 0.169661101089278
593 0 0.0122201980006701 0.0341798116862409 0.0762793945583866
594 0 0.071082765530658 0.0495038434647208 0.00204028889214735
595 1 0.952128655879484 0.649858776435184 0.0312532239851926
596 0 0.170499062460430 0.143071002937916 0.132987545962412
597 0 0.0608594533184084 0.133922423205097 0.130536131949608
598 0 0.0836903343670959 0.0285249179240217 0.538006285883775
599 0 0.0231901777002563 0.146093533994571 0.120079433670038
600 0 0.0359282625214672 0.0981526556669834 0.246653425079535
601 0 0.131527083301469 0.186088524446435 0.248634132470062
602 0 0.0306472388759102 0.279126994113928 0.0814351994065887
603 0 0.090018186686895 0.0422483292323576 0.0389283934822301
604 0 0.0372262518956429 0.172499064096147 0.068512099367213
605 0 0.0529417083836533 0.0794574288235591 0.0991098042069938
606 0 0.061635062303431 0.0576848972356185 0.0512674311587851
607 0 0.0250796297768349 0.0538759785545738 0.0209846813588465
608 0 0.0153192689678181 0.296955349469410 0.0361880630036393
609 0 0.0776380111547621 0.363728294104124 0.117591651024855
610 0 0.0259257446138769 0.0218971866987048 0.0806357079013043
611 0 0.117118267065807 0.123712570759464 0.506445849742457
612 0 0.0206955749520001 0.0972059707577602 0.216560750693674
613 0 0.0529318171566061 0.152805844651346 0.11787934132644
614 1 0.935329416994011 0.0378595931901909 0.296131088363619
615 1 0.534771806071963 0.351018791216102 0.302426273263690
616 0 0.00348298925996815 0.159615195298753 0.104261862874200
617 0 0.0355524568463396 0.511039399361612 0.0618585557976486
618 0 0.159262412559674 0.0776767619464865 0.170888413627102
619 1 0.583026614064335 0.891199155995923 0.129541771038836
620 0 0.119585327318525 0.117791089231759 0.147865410308444
621 0 0.171956242277798 0.0389436677936025 0.266358513658564
622 0 0.181746386186793 0.0382910871878725 0.116119188227864
623 0 0.106419768107530 0.494151017238952 0.103605098755058
624 0 0.0406497133569711 0.169624321866603 0.571231138081933
625 0 0.00769675377506338 0.0548980398473015 0.459242134071706
626 0 0.00336421355728553 0.0444911018222481 0.168322350503227
627 0 0.216227720818260 0.097489253405342 0.0323694262839556
628 0 0.0310031204654066 0.169945028400926 0.182770235792396
629 0 0.0297143644690936 0.0726297290964674 0.00626064004546528
630 0 0.0405160972938011 0.213585382041085 0.0311507812319984
631 1 0.845275895069247 0.712875312535352 0.259650931735922
632 0 0.00495792062051504 0.0141870585342217 0.15894267432119
633 1 0.864129146934948 0.140457837893835 0.31432517755704
634 0 0.0217446868411006 0.0554913223506113 0.144712309226768
635 0 0.0557666865885397 0.0132047853657675 0.176349563648961
636 1 0.950346459724066 0.884625602111074 0.139690083268130
637 0 0.152442350398524 0.0882508346688121 0.198893135973382
638 0 0.0346326108525831 0.0292411138230708 0.263480252207023
639 0 0.147251099051536 0.0639925700690332 0.276633625137782
640 0 0.0771798200194452 0.129068264874387 0.22431695560688
641 0 0.02462875592202 0.251551897969374 0.134849056016568
642 0 0.0180299707070999 0.114362535734712 0.0229674137557375
643 0 0.00274259857996728 0.125477467888523 0.104781633609683
644 0 0.0321873117980305 0.0304320630853893 0.0267681394496026
645 0 0.062011966346912 0.262224715416792 0.317377503808723
646 0 0.211668465754363 0.0846518118712 0.0110759297538317
647 0 0.0963585053860176 0.0276328840538524 0.131235289696660
648 0 0.0288627650567104 0.162052171579095 0.117113839305874
649 1 0.893792325120225 0.945981154596081 0.105493445949127
650 0 0.00598297281062083 0.181822945814889 0.00116892359749941
651 0 0.00349195618166031 0.0198700227120253 0.0946669662979757
652 0 0.064717254284689 0.0639811668473967 0.534503760698633
653 0 0.088639191514851 0.0210201955011898 0.0789102757170606
654 0 0.0226551735877641 0.191688208532145 0.338478052709559
655 0 0.00291577089115292 0.0833067605441196 0.46811859327299
656 1 0.870885802185857 0.626360083774029 0.207792530900124
657 0 0.0918794631964162 0.166105334810320 0.0304597591510903
658 0 0.102722502785039 0.092630140209904 0.0266650799127362
659 0 0.0167157290554746 0.353717321398912 0.151529408626876
660 0 0.00903859968091414 0.292108455946731 0.0108730516624738
661 1 0.865788210126503 0.509740765510345 0.585984694755984
662 0 0.0856243817313089 0.142853186405728 0.0846089017424715
663 1 0.751749023213716 0.451450681708209 0.109098397779374
664 0 0.0145517061955698 0.123848132787220 0.0494068425632362
665 0 0.0388650888200457 0.157625388815954 0.0936469290117296
666 0 0.0462249862936103 0.0691689674478414 0.101185965465107
667 1 0.679568617366092 0.587067362436028 0.0725142396187246
668 0 0.157535726971635 0.248829319942613 0.0160219083381398
669 0 0.0568788470317437 0.0226319662613352 0.153621405962615
670 1 0.381153328563287 0.412036253861928 0.507575770017993
671 0 0.00655205127930824 0.152666097229888 0.0473859565020507
672 0 0.0655459418867422 0.0192921765394452 0.459775635288239
673 1 0.955067933044245 0.514677374038575 0.381961315138039
674 0 0.100762578459714 0.399178540375173 0.253456631313044
675 0 0.0500549960681808 0.090241086267516 0.122935200571783
676 0 0.0391464395935687 0.116683348167467 0.481742099419584
677 1 0.813620436099175 0.360325760438566 0.0303869248802391
678 0 0.0773841260385922 0.056942956954482 0.0204997374171351
679 0 0.0526758722934736 0.095227104421515 0.290736851068248
680 0 0.0360763742558689 0.103780128060316 0.00268828518061018
681 0 0.00792687352985368 0.0701186994671223 0.0616664891942649
682 0 0.00390084545531203 0.323773373176665 0.0719615987770698
683 0 0.080988144697146 0.132347138849265 0.067396553000235
684 0 0.112555389033984 0.0106293183670585 0.165973704145665
685 1 0.718454858339392 0.288122864199288 0.131584500161919
686 0 0.00736355966867879 0.174833262819314 0.0636355873017492
687 0 0.0101284642170992 0.102282448447720 0.0137224988609734
688 0 0.0106409684847507 0.273503896891076 0.150344187050995
689 0 0.0415959414930507 0.0775026492072217 0.0262910030204964
690 1 0.816197873062621 0.186110930661617 0.411554637036831
691 0 0.0359959921326752 0.0611540173337284 0.0486045679774324
692 0 0.178405486254196 0.0684324053161477 0.342642333826478
693 0 0.0529326936985842 0.151117423976801 0.119378817808472
694 1 0.686792212704573 0.696257344300231 0.177184156900614
695 1 0.844303383356607 0.186539994742477 0.473878429646401
696 0 0.107978549880457 0.177500947005835 0.0658813524209258
697 0 0.00964471525095046 0.136653356450498 0.399831409832319
698 1 0.856615183017394 0.830603921430994 0.178080489990420
699 0 0.0515361903739907 0.0719428736869776 0.0480280513395462
700 0 0.00737535905535958 0.0226715009248941 0.0753368185144783
701 0 0.0297216263714774 0.00479137029974914 0.322703238501372
702 0 0.268644359185237 0.0834294866656358 0.0892728554836467
703 0 0.0461310486041870 0.0748515705944828 0.041480245973663
704 1 0.714485178055522 0.468236492286836 0.0147313216274009
705 0 0.145839960270872 0.555734623359242 0.200048796785038
706 0 0.0185915961737057 0.276651280400739 0.0736633318097114
707 0 0.00817036661396931 0.0805687522255526 0.0925742246865813
708 0 0.0247284693588865 0.241761321633996 0.0851951143164965
709 0 0.0609496725767316 0.105783787374668 0.185304296813233
710 0 0.013197241220698 0.00571566790017056 0.0403414089359638
711 0 0.0649903968115301 0.0231110519529175 0.237426022620156
712 0 0.0886902766297167 0.21287955816397 0.175937222255677
713 0 0.0651806755758331 0.0137180262447689 0.0812781554437772
714 0 0.00393650640138771 0.0108475241052315 0.142792453929935
715 1 0.901757447496445 0.360034963795899 0.52482625983545
716 0 0.137615406446306 0.136591832083754 0.16192228555009
717 0 0.0139881411775097 0.125716083449638 0.0930703458627409
718 0 0.0529198963179709 0.0124025447095972 0.0741892451309842
719 0 0.0898202930385638 0.215692754531109 0.326844902133118
720 0 0.0187607332700003 0.19357051558195 0.195052183107556
721 0 0.0239748060586459 0.383681244023869 0.080282418954212
722 1 0.677630245885863 0.36090323610551 0.373867015944472
723 0 0.00463211398826674 0.0362523851247478 0.0742808554550266
724 0 0.0679829576190229 0.0400337142588513 0.0258302119281459
725 1 0.837441120170773 0.568209179326064 0.0617675122029532
726 1 0.527482261607509 0.49007640979732 0.449605357259457
727 0 0.0357163074967772 0.152717428552361 0.0643969933032431
728 0 0.00732155932458873 0.0249052434692627 0.0582640962298159
729 0 0.0138773765735680 0.0406058348377542 0.107771238025976
730 1 0.816054151362979 0.482161153006734 0.181712963415796
731 0 0.0122971232576765 0.232603949985939 0.0694993337552478
732 1 0.943605393766196 0.687577300840208 0.620443322116728
733 0 0.0133771947692090 0.255185487514100 0.181961052475800
734 0 0.0119905074577341 0.0530912307361986 0.101335828892348
735 1 0.861678768468956 0.709713741324004 0.366437589863303
736 0 0.0430600455219525 0.207143417557988 0.0646083962686807
737 0 0.0682529153254915 0.0766488487212114 0.229079416534886
738 0 0.00382450292248205 0.159243920331990 0.00722943160281684
739 0 0.105582364899167 0.000424758663146008 0.360394525757162
740 1 0.862378309466224 0.175533402855831 0.473223015186041
741 0 0.0550972088760834 0.179314380395914 0.0388713852986148
742 1 0.926779771284282 0.160764226090621 0.697594870675867
743 0 0.198565691410688 0.0823552453174849 0.178895858991001
744 0 0.0535967620641225 0.00678324577743658 0.0188244090048890
745 0 0.0777045123557606 0.0215012843803999 0.188888555229769
746 1 0.551107424381301 0.53820908977842 0.782946284829704
747 0 0.0447588395005455 0.047551518273428 0.282197621671901
748 0 0.00334540196404379 0.0515728472222293 0.0559620370791101
749 0 0.0702762825356835 0.175803792175595 0.0199382843824201
750 1 0.873266982419316 0.306424487188814 0.164384968223120
751 0 0.00340269530684268 0.065283350665164 0.00106393562101879
752 0 0.131081406940872 0.654660070558434 0.0438101622322601
753 0 0.0495847383832061 0.136289744164885 0.032757752103531
754 0 0.0763984417770007 0.0375201390718503 0.0212568232830980
755 0 0.092977584369871 0.0809372288843014 0.0812716422113668
756 0 0.0192218872208364 0.0177975889696059 0.289140524750387
757 0 0.0282243561298011 0.0512073312941707 0.0126972233694510
758 0 0.102892503522223 0.00567173816326776 0.0104152760667989
759 0 0.189318084701816 0.00677158740709755 0.192102134380002
760 0 0.00130325187351145 0.0134552627392228 0.595139251818563
761 0 0.170110558351837 0.0350438912749985 0.257617684156717
762 0 0.0270587788526332 0.089572501653877 0.0609451801619001
763 0 0.283089415132765 0.412836515047527 0.311515051590439
764 0 0.124865517930090 0.0638649983349385 0.0113361235256336
765 0 0.070124905288697 0.410759754557535 0.036399100558279
766 0 0.0608315111854116 0.21473830931936 0.199813228802557
767 0 0.0862805715335573 0.169947508983342 0.448642332419816
768 0 0.0964679268050321 0.0194426820861944 0.229072661134673
769 0 0.124964124697200 0.0974945462993146 0.329721311905707
770 0 0.0436542397442554 0.0768979028865841 0.039110429135649
771 0 0.0487638431336678 0.00134599384488131 0.160145600791580
772 1 0.732439086656792 0.780537896592254 0.0297065786782256
773 0 0.0764287764027839 0.00012386945351879 0.0231793926268529
774 0 0.0032227770136931 0.178210925859864 0.0532676635700386
775 0 0.00339990593538850 0.121094488030519 0.235506469398029
776 0 0.150262473035454 0.0860681055662232 0.0484586411376279
777 0 0.30580868952072 0.114148870208863 0.0537587972303925
778 0 0.00111129792913848 0.0546467636445832 0.0216654579417067
779 1 0.667137914242954 0.884499517910066 0.021906203579929
780 0 0.317820128964342 0.0522236750080574 0.0468224600307224
781 0 0.168440836844612 0.0301951078557960 0.152964732274000
782 0 0.0476632389855223 0.353428576713039 0.523552782057603
783 0 0.0076035776925785 0.0681649721883127 0.237382636995155
784 0 0.0418117907285511 0.049649332247941 0.0146869400737172
785 0 0.00341154481903363 0.177378016953601 0.00561657002568736
786 0 0.0318742901168605 0.00414751687112585 0.102663950469260
787 0 0.0928257489898244 0.0347933718386729 0.419296715505807
788 0 0.0497692776341936 0.140701338310878 0.184924104353759
789 1 0.371951984169962 0.924009615653789 0.67602608618238
790 0 0.0147188857928651 0.0289080984372885 0.0644057319664138
791 1 0.825801886028671 0.527188674827964 0.312194401660212
792 0 0.099273121665024 0.0321829318154062 0.215606853961583
793 1 0.848690109376426 0.518214109452329 0.502751285556439
794 1 0.76509222204253 0.347818621262559 0.586436055052292
795 0 0.0339601752533505 0.0176205586093370 0.110111038799556
796 1 0.773532238371036 0.614507440136077 0.0314332233835837
797 0 0.0257806457327296 0.202352353451267 0.000179470181192083
798 0 0.0740625000029685 0.212013662426997 0.121442660893533
799 1 0.749671301722679 0.223436636706689 0.122240090950688
800 0 0.133595868756973 0.0773817510505704 0.210717571003592
801 0 0.161855686718498 0.120655806067057 0.0136341860059815
802 1 0.767994869647489 0.454042583093649 0.595683143045663
803 1 0.720701144093055 0.615318031547673 0.263608307410736
804 0 0.00480343116794184 0.0678203460286958 0.0551023025360328
805 0 0.0149245650416456 0.145809365784436 0.0218303897744158
806 1 0.782213294580145 0.520138232542826 0.263628651302539
807 0 0.0686184055126066 0.164647059568219 0.233281367896459
808 0 0.0647676745361923 0.0477580367252528 0.695828358483461
809 0 0.0387452473179186 0.0214245670418458 0.0379239689168333
810 0 0.0463583766296992 0.110281889273705 0.235330872494205
811 1 0.564675608429145 0.682700799962199 0.506240901036731
812 0 0.0189163895608967 0.0360337655989771 0.0739039633387058
813 0 0.0150254716139596 0.0981262967236945 0.373510604305693
814 1 0.772009380535409 0.611458831511385 0.116881975842284
815 0 0.0660644030277152 0.0502619263758487 0.0911436454037517
816 0 0.00497726961299196 0.0280456690536637 0.0251981784592004
817 1 0.48004328166348 0.510031406737694 0.0841187769313688
818 0 0.127446946763587 0.0117233899058541 0.206837515498463
819 0 0.00125816548019272 0.308021131467447 0.0487690018367884
820 0 0.0553906019080927 0.131320562164949 0.0165591617871707
821 0 0.108386696146053 0.00119787499092694 0.189554063445876
822 1 0.631944834428209 0.517431263501447 0.358377793619532
823 0 0.0669336168034527 0.126611527122947 0.632519721329141
824 0 0.164345961485764 0.079322573328815 0.582560165231018
825 0 0.107304894296316 0.0276484441539407 0.171317410241467
826 0 0.0869627183433213 0.436088683927066 0.189096200287310
827 1 0.690630574065911 0.550294549017827 0.755839308893311
828 0 0.0317985335609539 0.226619103870918 0.136269347334786
829 0 0.00378070772368863 0.0204188203657358 0.087359751246163
830 0 0.114261356376765 0.486759695523428 0.395410599786078
831 1 0.852782558721293 0.800244185163509 0.599659922895522
832 0 0.108029824800543 0.100405370758261 0.108205859048930
833 1 0.744024566474922 0.585143899551959 0.285798828047953
834 0 0.208362453617558 0.143848872329932 0.00497650753595948
835 1 0.97598385790288 0.80133172975972 0.278442749028098
836 1 0.827695389083693 0.963272785542345 0.857235418254094
837 0 0.0379566166077055 0.0130211935096785 0.269973641190389
838 0 0.00759298629213048 0.153161922596367 0.264586764480232
839 0 0.000241363598181665 0.217725214893089 0.0436422984797402
840 0 0.0160577134291807 0.0745333465140433 0.106589253052056
841 0 0.0296794194542457 0.145998753379282 0.00364926438722892
842 1 0.66982848599894 0.752951937689194 0.886543012526167
843 0 0.0290210493234740 0.0719050979221526 0.240441091621988
844 1 0.855310308441897 0.202220341738587 0.917391005380261
845 0 0.0101943402045455 0.101763877898007 0.104978557849120
846 1 0.759428749674646 0.807170214271 0.0905831143459727
847 0 0.0300182758133414 0.222129732934633 0.263330658716256
848 0 0.0226675590402219 0.528753873926578 0.449801085239152
849 1 0.820676785142318 0.621392938849821 0.0513307710132418
850 0 0.0862850116151498 0.000278789117635321 0.129539835009759
851 0 0.159401228830389 0.0723157205311055 0.0530857823819588
852 0 0.0830475706193895 0.0700950220232208 0.177475452073366
853 0 0.0784109532375823 0.0143220588831949 0.109642663536520
854 0 0.069137891011465 0.196851762244982 0.0647175396783396
855 0 0.183727765373692 0.186214943948039 0.310258143505513
856 0 0.157409573728626 0.0764600349925823 0.0102259738123089
857 0 0.228070598224783 0.160018965283589 0.119381152054069
858 0 0.0686423243567975 0.00308102099169909 0.367884656859417
859 1 0.726894347812288 0.475893830333325 0.515933351877651
860 0 0.0386784048841431 0.201783839636389 0.055920825602521
861 0 0.00101298683204720 0.0705150959433946 0.421429313833829
862 0 0.00585276976906972 0.130574031154420 0.00127213304173690
863 0 0.0801372454142778 0.036231390945286 0.129225890281894
864 0 0.00264420072121865 0.216225217134113 0.616754574926361
865 0 0.133626455976214 0.0449729580322191 0.0387659915615004
866 0 0.0537271300956516 0.129257224275131 0.161033503553073
867 0 0.0266304100734617 0.0119654577050366 0.0163927827280411
868 0 0.237246668404675 0.173150141419701 0.137861449401075
869 0 0.18370974906641 0.160897426903215 0.00412318154274460
870 0 0.0298349578200677 0.0364303045476895 0.167382627180824
871 0 0.0230721337631043 0.0117788797395437 0.138016339712302
872 0 0.0539816893029618 0.0945328373661175 0.0738875595260458
873 0 0.0472239844933018 0.0160618268408452 0.0534443159433053
874 1 0.469798701973837 0.484590172522399 0.0530788322950928
875 0 0.0580437116743081 0.0693583799021503 0.172951272939222
876 0 0.0348561054979164 0.153290146939307 0.0718367361471828
877 0 0.265842792528679 0.157226635100190 0.259826964860630
878 1 0.744938996488019 0.868573337957821 0.415331561798593
879 0 0.00111433090163082 0.0513921719930877 0.00764624514291846
880 0 0.0455802895147467 0.192619263784065 0.00538812772328386
881 0 0.215505758295542 0.00841879555032562 0.272427907882462
882 0 0.0209169169443429 0.0188947140831862 0.334433705637070
883 0 0.126492791531553 0.0673476860920101 0.0746596451899595
884 0 0.0134228478501659 0.0564974185406363 0.0814109326072745
885 0 0.157934121349926 0.0457478596110505 0.226745255244398
886 1 0.818306246673563 0.856855392087858 0.709126232717701
887 0 0.00292494059743305 0.0957590011307439 0.212489278574821
888 0 0.00318967654560302 0.190574244375076 0.0411657849213927
889 0 0.16556219861804 0.133508978911876 0.332760738023036
890 0 0.0314485645809778 0.0518751293703867 0.0434740664849385
891 0 0.00662815470858408 0.191700464563328 0.0260970437716907
892 1 0.570003908405506 0.65806044400357 0.153566441666976
893 0 0.0109780704136901 0.0377470544364637 0.0264064637781517
894 0 0.0306263524729226 0.104466071858749 0.160988020354102
895 1 0.734372727486947 0.522535946256336 0.290223613708160
896 0 0.331928461154968 0.00438052161442298 0.199759498915874
897 1 0.716495333225889 0.895760708612667 0.454876283582907
898 1 0.68504870866691 0.541999579086296 0.654109486563581
899 0 0.0781074378903765 0.0968075587994937 0.397473645799068
900 0 0.106984457257297 0.0246359603160902 0.460036752102189
901 0 0.0678943787463429 0.148888577885460 0.265721216672680
902 0 0.0537996279529052 0.128381669391842 0.108168518633799
903 0 0.00113791428917042 0.0138209439300819 0.217777893011827
904 0 0.0975411604120636 0.103544344876895 0.198397784420958
905 0 0.0726701095655936 0.0682540245730018 0.189759651928491
906 0 0.0726349524100025 0.112064398688065 0.191080265776398
907 0 0.00376639142646571 0.439032880835792 0.0110645354699023
908 0 0.0737041573248178 0.0672005707623633 0.336877108473250
909 0 0.0183751415292795 0.00419079369231261 0.0789792333652643
910 0 0.0162723292213181 0.219964702426338 0.0162833082886554
911 0 0.0798057920563301 0.0237386852232751 0.140412905755876
912 1 0.833882735667083 0.642206884516661 0.033786767400072
913 1 0.814383683431161 0.0700241736529368 0.16952507219779
914 0 0.0715544102776291 0.142080927380157 0.076332497827357
915 1 0.558826868983857 0.405713053799932 0.573275620045185
916 0 0.0461714513971292 0.0720179492825425 0.0302289961468832
917 0 0.0290539905864658 0.172069975132488 0.00187757861619918
918 1 0.652296416370542 0.102426095411024 0.264131756974871
919 0 0.0219923778373801 0.142803264478146 0.120237373056636
920 0 0.079853822754074 0.0997546926217368 0.194322504730532
921 0 0.0441650170193535 0.153158353576533 0.109315812454713
922 0 0.0192685548652352 0.201529626605969 0.253748949669695
923 1 0.769872413250210 0.572053547741063 0.514811881107453
924 0 0.00107112206906991 0.245607219043204 0.170228096539722
925 0 0.136202458369170 0.0621799349152167 0.172858142280021
926 0 0.0173187316106041 0.281126096565778 0.130976099725429
927 0 0.0219862385098664 0.191174969185726 0.34125023081098
928 0 0.0610948685199045 0.0135447133757346 0.109908770533182
929 0 0.116681925152553 0.139304943884050 0.0261494778693547
930 0 0.0183832875319069 0.0507471657470908 0.110498363716104
931 0 0.0129897885761514 0.0106713512237797 0.0770936878386803
932 0 0.0573674346703263 0.261126463865226 0.50689847520926
933 1 0.8329427162578 0.187556525307145 0.786606744815073
934 0 0.0642186883131633 0.145442151788007 0.0111823256566886
935 0 0.0016269048274777 0.096998983517531 0.095334176111874
936 0 0.0258432519534796 0.159947430173377 0.186337931846775
937 0 0.0187285498850400 0.0211728355024030 0.354739853141681
938 0 0.140162218693854 0.0447621579811722 0.0167413455973331
939 0 0.0672533727908385 0.300697475225012 0.162748358650092
940 0 0.0109293283220867 0.0259477680624489 0.147365577588572
941 1 0.708378921911803 0.829386387055512 0.389109196088703
942 1 0.544922782637546 0.662093369728893 0.082826214695829
943 0 0.0105525089682456 0.240016674010286 0.0656978599861206
944 0 0.0117366433048225 0.0401875317776446 0.0203181111380326
945 0 0.0778518191215813 0.0267896281701667 0.340912335154455
946 0 0.0200878938063029 0.249213507776695 0.0920154421551536
947 0 0.055638881559654 0.463263394395561 0.133717801154149
948 0 0.164678410681555 0.446971873641765 0.00348592551929459
949 0 0.00605756785681076 0.292741086250899 0.35607445118395
950 0 0.0620198982381661 0.0658817495662398 0.121318346600171
951 0 0.0717691906405272 0.0252545531880336 0.00677336603965379
952 0 0.096924259525162 0.174143106111225 0.129313372131612
953 0 0.0194027220779227 0.0914478888583526 0.0297248092686027
954 0 0.0454363340871596 0.209440600834505 0.357047559468501
955 0 0.0294620238667965 0.128200174061968 0.328447717961054
956 0 0.0953703446599254 0.0209398950961444 0.433422697464028
957 0 0.0905871228753924 0.0876887592261726 0.129222332020904
958 0 0.0153594399035302 0.119646988447313 0.294975157344527
959 0 0.172448500309134 0.236437665619472 0.137408407699905
960 0 0.0466242101596478 0.0870939735793872 0.0480307767150919
961 0 0.0128264299039310 0.0451404624417939 0.0496605731749593
962 0 0.00619238588019324 0.0062764561759533 0.130098322990612
963 0 0.065382059313215 0.066478929997327 0.0480556120713086
964 0 0.0151177258013047 0.298912811110255 0.104236696058525
965 0 0.0422090475723606 0.0122253526267590 0.25807229074099
966 0 0.0718066810752334 0.0048312563181916 0.110648101143648
967 0 0.0319728885871249 0.0260512145262131 0.0790075312515577
968 0 0.0100728145384562 0.135450296683376 0.0977444748335965
969 0 0.0443771870553581 0.194505857435507 0.0037637206192826
970 0 0.148572556401803 0.0287270028268391 0.0198077846773988
971 1 0.630661207274916 0.180751121236190 0.377600532002264
972 0 0.154296747427069 0.0254339049114401 0.0584512895399036
973 0 0.000929249825953807 0.223114480503967 0.439630801637428
974 0 0.30546921273645 0.074899705870463 0.147125406984465
975 0 0.0336467536755875 0.144855454072498 0.0657055815693722
976 0 0.0514997206303949 0.0102170079597186 0.0142152015425232
977 0 0.0677102741387605 0.311694675452191 0.0513682749844302
978 0 0.136330276481275 0.252138818384558 0.110032053878214
979 1 0.985133551214338 0.734091711235413 0.431815287454047
980 0 0.0417619529190376 0.247241219835288 0.296048130405798
981 1 0.74339421189205 0.481310335097372 0.521418102925826
982 0 0.00467128851927443 0.0223191827415409 0.125312218486342
983 0 0.0501043336663657 0.147774101181496 0.520660218714902
984 0 0.118755474600632 0.119184689994166 0.0735168094051877
985 0 0.160640824991352 0.186314514094457 0.491556566222218
986 1 0.760172690340922 0.280976414764609 0.507489413515754
987 0 0.0216482754341609 0.197037060161557 0.162841984047729
988 0 0.0142391230966577 0.327498732362657 0.284011560768561
989 0 0.0345853527489442 0.207218456351289 0.0159507026799945
990 0 0.0316249290684768 0.0821712663020952 0.143605607666333
991 0 0.0122101629278146 0.120637545577115 0.0301335414062695
992 1 0.705608554680556 0.598831112078473 0.247789983076221
993 1 0.777859492812158 0.581648384173199 0.0361747845649411
994 0 0.144121387795585 0.0446360611273056 0.343611756678878
995 0 0.000771748351047973 0.0207360731202027 0.0443320513237709
996 0 0.109093585569584 0.252313975757050 0.205178027275682
997 1 0.844619548582205 0.780642398737902 0.316014835566897
998 1 0.515272742695553 0.531926309430007 0.95511654925536
999 1 0.907255588473386 0.628091592647094 0.469005469328572
1000 0 0.0151913187694196 0.151106431610173 0.157694919081279
